<?xml version="1.0"?>
<opencv_storage>
<cameraMatrix type_id="opencv-matrix">
  <rows>3</rows>
  <cols>3</cols>
  <dt>d</dt>
  <data>
    4.2329987390333699e+003 0. 2.8981739071860437e+002 0.
    8.9010705844607255e+003 9.5610537500970850e+002 0. 0. 1.</data></cameraMatrix>
<distCoeffs>
  -1.0701871416652741e+001 1.2262151157780663e+002
  5.7187902949567393e-001 2.7900495618804692e-002
  9.3907877558460910e+000</distCoeffs>
</opencv_storage>
