<?xml version="1.0"?>
<opencv_storage>
<cameraMatrix type_id="opencv-matrix">
  <rows>3</rows>
  <cols>3</cols>
  <dt>d</dt>
  <data>
    1.6243007711615758e+003 0. 3.5890726642393918e+002 0.
    1.3140277254451568e+004 -4.2998864807303470e+001 0. 0. 1.</data></cameraMatrix>
<distCoeffs>
  4.3582976849115084e+001 2.9966095118635326e+003
  -5.8252080357753389e-001 -1.2527219410690535e+000
  -2.4849264551997770e+005</distCoeffs>
</opencv_storage>
